pi@pi-desktop:~$ rosrun camera_calibration cameracalibrator.py --approximate 0.1 --size 8x6 --square 0.0235 right:=/picamera/right_image left:=/picamera/left_image
libEGL warning: DRI2: failed to authenticate
^Cpi@pi-desktop:~$ rosrun camera_calibration cameracalibrator.py --approximate 0 --size 8x6 --square 0.0235 right:=/picamera/right_image left:=/picamera/left_image
libEGL warning: DRI2: failed to authenticate
^CException in thread Thread-5 (most likely raised during interpreter shutdown):QObject::~QObject: Timers cannot be stopped from another thread
pi@pi-desktop:~$ rosrun camera_calibration cameracalibrator.py --approximate 0.1 --size 8x6 --square 0.0235 right:=/picamera/right_image left:=/picamera/left_image
libEGL warning: DRI2: failed to authenticate
*** Added sample 1, p_x = 0.608, p_y = 0.143, p_size = 0.229, skew = 0.032
*** Added sample 2, p_x = 0.533, p_y = 0.210, p_size = 0.251, skew = 0.072
*** Added sample 3, p_x = 0.311, p_y = 0.351, p_size = 0.222, skew = 0.083
*** Added sample 4, p_x = 0.454, p_y = 0.295, p_size = 0.217, skew = 0.040
*** Added sample 5, p_x = 0.798, p_y = 0.262, p_size = 0.222, skew = 0.008
*** Added sample 6, p_x = 0.847, p_y = 0.585, p_size = 0.206, skew = 0.006
*** Added sample 7, p_x = 0.717, p_y = 0.514, p_size = 0.205, skew = 0.004
*** Added sample 8, p_x = 0.355, p_y = 0.526, p_size = 0.214, skew = 0.004
*** Added sample 9, p_x = 0.630, p_y = 0.332, p_size = 0.213, skew = 0.040
*** Added sample 10, p_x = 0.596, p_y = 0.613, p_size = 0.208, skew = 0.012
*** Added sample 11, p_x = 0.624, p_y = 0.772, p_size = 0.206, skew = 0.030
*** Added sample 12, p_x = 0.601, p_y = 0.939, p_size = 0.213, skew = 0.020
*** Added sample 13, p_x = 0.855, p_y = 0.440, p_size = 0.240, skew = 0.081
*** Added sample 14, p_x = 0.620, p_y = 0.011, p_size = 0.224, skew = 0.325
*** Added sample 15, p_x = 0.618, p_y = 0.072, p_size = 0.220, skew = 0.577
*** Added sample 16, p_x = 0.623, p_y = 0.813, p_size = 0.228, skew = 0.379
*** Added sample 17, p_x = 0.669, p_y = 0.776, p_size = 0.222, skew = 0.525
*** Added sample 18, p_x = 0.672, p_y = 0.761, p_size = 0.213, skew = 0.739
*** Added sample 19, p_x = 0.683, p_y = 0.628, p_size = 0.192, skew = 0.249
*** Added sample 20, p_x = 0.688, p_y = 0.654, p_size = 0.201, skew = 0.606
*** Added sample 21, p_x = 0.618, p_y = 0.772, p_size = 0.174, skew = 1.000
*** Added sample 22, p_x = 0.894, p_y = 0.456, p_size = 0.416, skew = 0.061
*** Added sample 23, p_x = 0.797, p_y = 0.518, p_size = 0.436, skew = 0.022
*** Added sample 24, p_x = 0.541, p_y = 0.471, p_size = 0.275, skew = 0.057
*** Added sample 25, p_x = 0.684, p_y = 0.543, p_size = 0.381, skew = 0.095

Left:
('D = ', [0.01802514609199724, -0.19061514652818998, 0.005471161620831901, -0.0011927059401460733, 0.0])
('K = ', [608.3740363282706, 0.0, 306.24150852391244, 0.0, 609.000780024538, 243.25516178127813, 0.0, 0.0, 1.0])
('R = ', [0.9991964031960989, -0.013336713414378086, -0.037797882417955085, 0.01360211511945169, 0.999884546763969, 0.006773153393307433, 0.037703186924396656, -0.007281841656808766, 0.9992624502490971])
('P = ', [626.8222555876943, 0.0, 345.3045234680176, 0.0, 0.0, 626.8222555876943, 241.25064849853516, 0.0, 0.0, 0.0, 1.0, 0.0])

Right:
('D = ', [0.1400544430174706, -0.3549613361660599, -0.0033224903959274024, 0.006790988301131733, 0.0])
('K = ', [600.5331905381959, 0.0, 337.04308261714755, 0.0, 599.2256914376756, 237.63719356264733, 0.0, 0.0, 1.0])
('R = ', [0.9997787353542278, -0.012225079647042362, -0.017118053660515414, 0.012104449705282383, 0.9999012970578823, -0.007132912399331983, 0.017203564480453005, 0.006924129518410586, 0.9998280321133126])
('P = ', [626.8222555876943, 0.0, 345.3045234680176, -104.30444664477143, 0.0, 626.8222555876943, 241.25064849853516, 0.0, 0.0, 0.0, 1.0, 0.0])
('self.T ', [-0.16636513274494424, 0.0020342771119022125, 0.002848477536939765])
('self.R ', [0.9997885916836103, -0.0013559838962946594, -0.020516657792541425, 0.0016465786880812921, 0.9998984771863819, 0.014153589614599416, 0.020495382844124128, -0.014184379719519974, 0.9996893230669444])
None
# oST version 5.0 parameters


[image]

width
640

height
480

[narrow_stereo/left]

camera matrix
608.374036 0.000000 306.241509
0.000000 609.000780 243.255162
0.000000 0.000000 1.000000

distortion
0.018025 -0.190615 0.005471 -0.001193 0.000000

rectification
0.999196 -0.013337 -0.037798
0.013602 0.999885 0.006773
0.037703 -0.007282 0.999262

projection
626.822256 0.000000 345.304523 0.000000
0.000000 626.822256 241.250648 0.000000
0.000000 0.000000 1.000000 0.000000

# oST version 5.0 parameters


[image]

width
640

height
480

[narrow_stereo/right]

camera matrix
600.533191 0.000000 337.043083
0.000000 599.225691 237.637194
0.000000 0.000000 1.000000

distortion
0.140054 -0.354961 -0.003322 0.006791 0.000000

rectification
0.999779 -0.012225 -0.017118
0.012104 0.999901 -0.007133
0.017204 0.006924 0.999828

projection
626.822256 0.000000 345.304523 -104.304447
0.000000 626.822256 241.250648 0.000000
0.000000 0.000000 1.000000 0.000000



Left:
('D = ', [0.01802514609199724, -0.19061514652818998, 0.005471161620831901, -0.0011927059401460733, 0.0])
('K = ', [608.3740363282706, 0.0, 306.24150852391244, 0.0, 609.000780024538, 243.25516178127813, 0.0, 0.0, 1.0])
('R = ', [0.9991964031960989, -0.013336713414378086, -0.037797882417955085, 0.01360211511945169, 0.999884546763969, 0.006773153393307433, 0.037703186924396656, -0.007281841656808766, 0.9992624502490971])
('P = ', [626.8222555876943, 0.0, 345.3045234680176, 0.0, 0.0, 626.8222555876943, 241.25064849853516, 0.0, 0.0, 0.0, 1.0, 0.0])

Right:
('D = ', [0.1400544430174706, -0.3549613361660599, -0.0033224903959274024, 0.006790988301131733, 0.0])
('K = ', [600.5331905381959, 0.0, 337.04308261714755, 0.0, 599.2256914376756, 237.63719356264733, 0.0, 0.0, 1.0])
('R = ', [0.9997787353542278, -0.012225079647042362, -0.017118053660515414, 0.012104449705282383, 0.9999012970578823, -0.007132912399331983, 0.017203564480453005, 0.006924129518410586, 0.9998280321133126])
('P = ', [626.8222555876943, 0.0, 345.3045234680176, -104.30444664477143, 0.0, 626.8222555876943, 241.25064849853516, 0.0, 0.0, 0.0, 1.0, 0.0])
('self.T ', [-0.16636513274494424, 0.0020342771119022125, 0.002848477536939765])
('self.R ', [0.9997885916836103, -0.0013559838962946594, -0.020516657792541425, 0.0016465786880812921, 0.9998984771863819, 0.014153589614599416, 0.020495382844124128, -0.014184379719519974, 0.9996893230669444])
None
# oST version 5.0 parameters


[image]

width
640

height
480

[narrow_stereo/left]

camera matrix
608.374036 0.000000 306.241509
0.000000 609.000780 243.255162
0.000000 0.000000 1.000000

distortion
0.018025 -0.190615 0.005471 -0.001193 0.000000

rectification
0.999196 -0.013337 -0.037798
0.013602 0.999885 0.006773
0.037703 -0.007282 0.999262

projection
626.822256 0.000000 345.304523 0.000000
0.000000 626.822256 241.250648 0.000000
0.000000 0.000000 1.000000 0.000000

# oST version 5.0 parameters


[image]

width
640

height
480

[narrow_stereo/right]

camera matrix
600.533191 0.000000 337.043083
0.000000 599.225691 237.637194
0.000000 0.000000 1.000000

distortion
0.140054 -0.354961 -0.003322 0.006791 0.000000

rectification
0.999779 -0.012225 -0.017118
0.012104 0.999901 -0.007133
0.017204 0.006924 0.999828

projection
626.822256 0.000000 345.304523 -104.304447
0.000000 626.822256 241.250648 0.000000
0.000000 0.000000 1.000000 0.000000



Left:
('D = ', [0.01802514609199724, -0.19061514652818998, 0.005471161620831901, -0.0011927059401460733, 0.0])
('K = ', [608.3740363282706, 0.0, 306.24150852391244, 0.0, 609.000780024538, 243.25516178127813, 0.0, 0.0, 1.0])
('R = ', [0.9991964031960989, -0.013336713414378086, -0.037797882417955085, 0.01360211511945169, 0.999884546763969, 0.006773153393307433, 0.037703186924396656, -0.007281841656808766, 0.9992624502490971])
('P = ', [626.8222555876943, 0.0, 345.3045234680176, 0.0, 0.0, 626.8222555876943, 241.25064849853516, 0.0, 0.0, 0.0, 1.0, 0.0])

Right:
('D = ', [0.1400544430174706, -0.3549613361660599, -0.0033224903959274024, 0.006790988301131733, 0.0])
('K = ', [600.5331905381959, 0.0, 337.04308261714755, 0.0, 599.2256914376756, 237.63719356264733, 0.0, 0.0, 1.0])
('R = ', [0.9997787353542278, -0.012225079647042362, -0.017118053660515414, 0.012104449705282383, 0.9999012970578823, -0.007132912399331983, 0.017203564480453005, 0.006924129518410586, 0.9998280321133126])
('P = ', [626.8222555876943, 0.0, 345.3045234680176, -104.30444664477143, 0.0, 626.8222555876943, 241.25064849853516, 0.0, 0.0, 0.0, 1.0, 0.0])
('self.T ', [-0.16636513274494424, 0.0020342771119022125, 0.002848477536939765])
('self.R ', [0.9997885916836103, -0.0013559838962946594, -0.020516657792541425, 0.0016465786880812921, 0.9998984771863819, 0.014153589614599416, 0.020495382844124128, -0.014184379719519974, 0.9996893230669444])
None
# oST version 5.0 parameters


[image]

width
640

height
480

[narrow_stereo/left]

camera matrix
608.374036 0.000000 306.241509
0.000000 609.000780 243.255162
0.000000 0.000000 1.000000

distortion
0.018025 -0.190615 0.005471 -0.001193 0.000000

rectification
0.999196 -0.013337 -0.037798
0.013602 0.999885 0.006773
0.037703 -0.007282 0.999262

projection
626.822256 0.000000 345.304523 0.000000
0.000000 626.822256 241.250648 0.000000
0.000000 0.000000 1.000000 0.000000

# oST version 5.0 parameters


[image]

width
640

height
480

[narrow_stereo/right]

camera matrix
600.533191 0.000000 337.043083
0.000000 599.225691 237.637194
0.000000 0.000000 1.000000

distortion
0.140054 -0.354961 -0.003322 0.006791 0.000000

rectification
0.999779 -0.012225 -0.017118
0.012104 0.999901 -0.007133
0.017204 0.006924 0.999828

projection
626.822256 0.000000 345.304523 -104.304447
0.000000 626.822256 241.250648 0.000000
0.000000 0.000000 1.000000 0.000000




